# Linear Pk from NBK (CLASS), z=2, Planck15 cosmology
3.681713940663732956e+03
4.201305502723613245e+03
3.594283188317503573e+03
2.844118630091298201e+03
2.317385422403197481e+03
2.001674071985720502e+03
1.796866256429350415e+03
1.603994791545900853e+03
1.376418243469722711e+03
1.141425655870567425e+03
9.532222042571354450e+02
8.348528272372627725e+02
7.672778082349800570e+02
7.131341373161043293e+02
6.464207934444008288e+02
5.677685595176549214e+02
4.947193982971010655e+02
4.411596503701325673e+02
4.072083428529970206e+02
3.828821636504240473e+02
3.575247415097537100e+02
3.273403481291266530e+02
2.959578267349883731e+02
2.690363900168982809e+02
2.490689534685587034e+02
2.343429799676166567e+02
2.212514112228651015e+02
2.072883132495381631e+02
1.924498086525752569e+02
1.783684489493545584e+02
1.664744050025983597e+02
1.569088476328591071e+02
