# Linear Pk from NBK (CLASS), z=0.8, Planck15 cosmology
9.992061185727627162e+03
1.009588689963823708e+04
7.765029380844573097e+03
5.964638371338352044e+03
4.982711663510712242e+03
4.375528011064794555e+03
3.734021842100010417e+03
3.000537921854805518e+03
2.400625278367758256e+03
2.057814077472002737e+03
1.874004307013737844e+03
1.688533720556946719e+03
1.450576371093201715e+03
1.226807392265978478e+03
1.077577681096265906e+03
9.905559924735158575e+02
9.152517438535739984e+02
8.232621236435074934e+02
7.277065383115148052e+02
6.523675039467427723e+02
6.012959996145382320e+02
5.605128222029636618e+02
5.172245998004652847e+02
4.715679681287929839e+02
4.311095240245819582e+02
3.996576024296760465e+02
